

defaultproperties
{
     Speed=2000.000000
     MaxSpeed=2000.000000
     Damage=60.000000
     DamageRadius=265.000000
     MomentumTransfer=100000.000000
}
